step	c		fa		fc		abs(fc)>0
1	1.5000	-1.6209	-0.2122	yes
2	1.7500	-0.2122	0.5347	yes
3	1.6250	-0.2122	0.1625	yes
4	1.5625	-0.2122	-0.0249	yes
5	1.5938	-0.0249	0.0689	yes
6	1.5781	-0.0249	0.0220	yes
7	1.5703	-0.0249	-0.0015	yes
8	1.5742	-0.0015	0.0103	yes
9	1.5723	-0.0015	0.0044	yes
10	1.5713	-0.0015	0.0015	yes
11	1.5708	-0.0015	0.0000	no
x: 1.570801
fx: 0.000013
Справились за 11 шагов
